1.315640326341609580e+03
1.934090444684913109e+03
-3.056091530684563622e+03
-1.243358549202096356e+03
2.008862636649906108e+03
2.491405702751907029e+03
2.657467258871109152e+03
-3.822367861604215022e+02
-1.790204210960505861e+03
2.243128354848764729e+02
-4.212021865742898399e+02
1.075349363602143512e+03
1.246384382625530236e+02
3.553959132778475691e+02
6.479647752634300559e+02
3.690216064327783556e+02
1.798661689462919185e+03
4.498605489272646878e+02
-1.265426123084197570e+03
-5.184911283520233383e+02
-2.101266616567981146e+03
-1.630636171860605145e+03
4.447708136056486410e+02
7.807186585349154484e+01
1.849749359297512001e+03
-3.186972288369978514e+02
3.187062573795830758e+03
1.569802961209577461e+03
-1.419863582141701045e+03
2.338902684393215623e+03
1.787811583043567794e+02
-2.053334394519242778e+02
-5.515967062196509687e+02
1.374285587405704518e+03
6.846572213495023789e+02
-5.133023806441874513e+02
-1.325566617922851265e+03
7.429737750807233851e+02
-6.238818495940072353e+02
1.956813220105791515e+02
1.073799961449951979e+03
2.102106168015345247e+03
1.754410838531430954e+03
-3.302737877626595377e+02
5.320449874776704746e+01
-2.010172474717859131e+03
1.303573204375817113e+03
1.760805280012647472e+03
-5.906709904335403962e+02
4.752981045914857532e+03
-1.051348449638510601e+03
4.907962002648426960e+02
-1.519221729636559303e+03
-2.436668631002866050e+02
3.938261976034398799e+02
6.158819938086949151e+02
5.088866358495470763e+02
4.307976417439945749e+02
8.537615345075701043e+02
-2.457664690741604318e+03
2.534094688601313464e+03
2.097216116194439110e+03
7.835139059154015513e+02
-1.254648558979546351e+02
-1.337656771528616218e+03
5.827624519244872090e+02
1.046680539616278111e+03
4.745541403121478652e+01
6.907497460594602217e+02
-1.767017025638331233e+03
-5.441808906703934554e+03
-8.329310866806462172e+02
-4.285301622554686105e+02
-1.369875224371040758e+03
1.158530709647606614e+02
-1.628381111901737768e+03
2.255410768120002558e+03
7.161219243886919230e+02
-1.004038186253402955e+03
-1.056496729767644638e+02
2.014101001787489167e+03
-9.706223349927927302e+02
-4.677896038210092229e+02
-8.958781704985053693e+02
2.113241173684660225e+03
-1.476212329160456193e+03
3.165942396753321191e+02
-5.248071102335927662e+02
-2.221996935977628254e+03
-1.706397237338615469e+03
-1.830512489390591782e+03
-2.762472779892026665e+03
2.675930791135926484e+03
6.060795115777568753e+02
8.481574097742083040e+02
1.365422730339894315e+03
1.137656340587194791e+03
2.092985939481934111e+03
-1.494104384441125603e+03
3.041048517298999286e+03
