1515.176650276348
1416.9718187443423
1576.1665992271792
1522.6802264541564
1488.9940974997476
1485.6637551719102
1554.4120259302051
1490.906630914856
1640.5073115995258
1521.1296716344937
1508.1031831714827
1463.4373369149296
1501.7191406249567
1501.4077358807012
1449.6625303724245
1509.9840245106222
1426.8028249106694
1488.0464212265465
1572.5313550102305
1542.508385508589
1509.9772129773628
1515.5578289140633
1519.161139588659
1479.5800110574908
1504.8973459501437
1514.4629754482755
1431.8440004281822
1432.1619134427492
1496.897122093597
1439.327621368004
1473.4911805135207
1549.6813340151766
1409.1839006993825
1511.8406851667307
1435.281810216805
1570.7238347607445
1483.7143824832635
1581.7856901708856
1480.5512957123383
1464.100092803617
1533.8888829119308
1528.9162036078067
1418.4921753811075
1431.7915194135644
1515.7086769564323
1367.4433816846674
1478.5448480959033
1446.2337310548128
1497.720051245492
1512.7874644010935
1467.172169853468
1488.9362791724288
1447.3260101511696
1445.7812939338892
1474.3656207568242
1647.8212216974732
1445.3188184088542
1531.1902046066807
1533.1588620653506
1499.9978695312325
1515.339972176624
1474.7274859149643
1604.2935853180418
1428.3882143083642
1491.3087959028178
1525.2203302824228
1567.5043289657021
1461.6815022361538
1541.3940769947844
1442.6561822589704
1538.61349819227
1453.8998756347196
1467.324842243382
1526.1180967976818
1430.7277349366998
1461.1471292765539
1468.0321862713142
1570.7797724737775
1444.8645524850879
1451.947098717841
1477.6078625805044
1396.815375182559
1472.6893096891868
1534.237534393848
1480.0762726609553
1448.7280534412052
1634.485065615189
1497.9065331588063
1498.3724367033815
1497.1767715246506
1534.3961719917468
1572.3435382222024
1522.0859233582169
1587.530068485926
1548.2428938215016
1469.9951692585878
1540.7477781949149
1473.5872801811552
1492.9410904678257
1505.966747948193
